#! FIELDS time energy vol ecv1.energy ecv1.vol opes.bias
 400.000000 -2028252.786157 0.817554 -2028252.786157 0.817554 0.000000
 400.050000 -2027949.382872 0.811537 -2027949.382872 0.811537 0.000000
 400.100000 -2027964.281623 0.810329 -2027964.281623 0.810329 0.000000
 400.150000 -2028138.374708 0.813171 -2028138.374708 0.813171 0.000000
 400.200000 -2028595.887032 0.817161 -2028595.887032 0.817161 0.000000
 400.250000 -2028125.527238 0.816619 -2028125.527238 0.816619 0.000000
 400.300000 -2027714.411821 0.810400 -2027714.411821 0.810400 0.000000
 400.350000 -2027927.034840 0.810611 -2027927.034840 0.810611 0.000000
 400.400000 -2028371.132262 0.819545 -2028371.132262 0.819545 0.000000
 400.450000 -2028001.768257 0.813066 -2028001.768257 0.813066 0.000000
 400.500000 -2027828.052674 0.807496 -2027828.052674 0.807496 0.000000
 400.550000 -2028028.911972 0.811036 -2028028.911972 0.811036 0.000000
 400.600000 -2028582.788011 0.818035 -2028582.788011 0.818035 0.000000
 400.650000 -2028342.099325 0.818818 -2028342.099325 0.818818 0.000000
 400.700000 -2027698.667488 0.807413 -2027698.667488 0.807413 0.000000
 400.750000 -2028231.525515 0.809374 -2028231.525515 0.809374 0.000000
 400.800000 -2028714.050413 0.825689 -2028714.050413 0.825689 0.000000
 400.850000 -2028174.665605 0.813560 -2028174.665605 0.813560 0.000000
 400.900000 -2028011.749749 0.808792 -2028011.749749 0.808792 0.000000
 400.950000 -2028231.898566 0.816221 -2028231.898566 0.816221 0.000000
 401.000000 -2028429.745092 0.818540 -2028429.745092 0.818540 0.000000
 401.050000 -2027830.343762 0.815007 -2027830.343762 0.815007 0.000000
 401.100000 -2028253.167167 0.812703 -2028253.167167 0.812703 0.000000
 401.150000 -2028260.050787 0.813945 -2028260.050787 0.813945 0.000000
 401.200000 -2028208.959147 0.815251 -2028208.959147 0.815251 0.000000
 401.250000 -2027787.018911 0.813163 -2027787.018911 0.813163 0.000000
 401.300000 -2028112.037106 0.810219 -2028112.037106 0.810219 0.000000
 401.350000 -2028128.482565 0.813658 -2028128.482565 0.813658 0.000000
 401.400000 -2027893.023815 0.813679 -2027893.023815 0.813679 0.000000
 401.450000 -2028037.762161 0.814306 -2028037.762161 0.814306 0.000000
 401.500000 -2028035.006101 0.809979 -2028035.006101 0.809979 0.000000
 401.550000 -2027879.022339 0.812055 -2027879.022339 0.812055 0.000000
 401.600000 -2028482.819540 0.816879 -2028482.819540 0.816879 0.000000
 401.650000 -2027764.699636 0.812679 -2027764.699636 0.812679 0.000000
 401.700000 -2028244.452144 0.814022 -2028244.452144 0.814022 0.000000
 401.750000 -2028044.933040 0.811249 -2028044.933040 0.811249 0.000000
 401.800000 -2028330.510795 0.815747 -2028330.510795 0.815747 0.000000
 401.850000 -2028279.388300 0.815337 -2028279.388300 0.815337 0.000000
 401.900000 -2028250.682457 0.813109 -2028250.682457 0.813109 0.000000
 401.950000 -2028061.139475 0.811192 -2028061.139475 0.811192 0.000000
 402.000000 -2027722.730228 0.816073 -2027722.730228 0.816073 0.000000
 402.050000 -2028758.665523 0.823784 -2028758.665523 0.823784 0.000000
 402.100000 -2027907.917277 0.811219 -2027907.917277 0.811219 0.000000
 402.150000 -2027399.088897 0.807329 -2027399.088897 0.807329 0.000000
 402.200000 -2028398.813674 0.819741 -2028398.813674 0.819741 0.000000
 402.250000 -2029019.055956 0.822812 -2029019.055956 0.822812 0.000000
 402.300000 -2027955.345830 0.805851 -2027955.345830 0.805851 0.000000
 402.350000 -2028039.454470 0.807093 -2028039.454470 0.807093 0.000000
 402.400000 -2028608.131183 0.818033 -2028608.131183 0.818033 0.000000
 402.450000 -2028251.449760 0.817261 -2028251.449760 0.817261 0.000000
 402.500000 -2027878.680412 0.815029 -2027878.680412 0.815029 0.000000
 402.550000 -2027906.637686 0.808858 -2027906.637686 0.808858 0.000000
 402.600000 -2028394.621869 0.817656 -2028394.621869 0.817656 0.000000
 402.650000 -2028047.105423 0.811847 -2028047.105423 0.811847 0.000000
 402.700000 -2028375.370091 0.813685 -2028375.370091 0.813685 0.000000
 402.750000 -2027907.741671 0.814769 -2027907.741671 0.814769 0.000000
 402.800000 -2028321.219064 0.815774 -2028321.219064 0.815774 0.000000
 402.850000 -2028488.744663 0.818217 -2028488.744663 0.818217 0.000000
 402.900000 -2027670.072198 0.807038 -2027670.072198 0.807038 0.000000
 402.950000 -2027612.413206 0.806131 -2027612.413206 0.806131 0.000000
 403.000000 -2028860.121623 0.825077 -2028860.121623 0.825077 0.000000
 403.050000 -2028532.250239 0.823707 -2028532.250239 0.823707 0.000000
 403.100000 -2027959.766151 0.809139 -2027959.766151 0.809139 0.000000
 403.150000 -2027735.543356 0.805107 -2027735.543356 0.805107 0.000000
 403.200000 -2028105.053155 0.816180 -2028105.053155 0.816180 0.000000
 403.250000 -2028075.615640 0.819048 -2028075.615640 0.819048 0.000000
 403.300000 -2028004.423368 0.814936 -2028004.423368 0.814936 0.000000
 403.350000 -2027967.235840 0.808907 -2027967.235840 0.808907 0.000000
 403.400000 -2028081.796486 0.813655 -2028081.796486 0.813655 0.000000
 403.450000 -2028090.467348 0.816095 -2028090.467348 0.816095 0.000000
 403.500000 -2028502.611465 0.816947 -2028502.611465 0.816947 0.000000
 403.550000 -2027937.798160 0.811486 -2027937.798160 0.811486 0.000000
 403.600000 -2027952.831614 0.809995 -2027952.831614 0.809995 0.000000
 403.650000 -2028116.239650 0.813228 -2028116.239650 0.813228 0.000000
 403.700000 -2028071.597692 0.814871 -2028071.597692 0.814871 0.000000
 403.750000 -2028396.502734 0.817199 -2028396.502734 0.817199 0.000000
 403.800000 -2027861.382757 0.809207 -2027861.382757 0.809207 0.000000
 403.850000 -2028237.227368 0.815571 -2028237.227368 0.815571 0.000000
 403.900000 -2028830.575599 0.822459 -2028830.575599 0.822459 0.000000
 403.950000 -2028030.714956 0.812123 -2028030.714956 0.812123 0.000000
 404.000000 -2027743.507872 0.808472 -2027743.507872 0.808472 0.000000
 404.050000 -2028014.137779 0.816461 -2028014.137779 0.816461 0.000000
 404.100000 -2028482.236100 0.819847 -2028482.236100 0.819847 0.000000
 404.150000 -2028127.511894 0.814443 -2028127.511894 0.814443 0.000000
 404.200000 -2027762.539714 0.809842 -2027762.539714 0.809842 0.000000
 404.250000 -2027951.434981 0.811951 -2027951.434981 0.811951 0.000000
 404.300000 -2028579.207701 0.823618 -2028579.207701 0.823618 0.000000
 404.350000 -2028221.512397 0.819403 -2028221.512397 0.819403 0.000000
 404.400000 -2027917.312078 0.806303 -2027917.312078 0.806303 0.000000
 404.450000 -2027597.318469 0.806166 -2027597.318469 0.806166 0.000000
 404.500000 -2028455.552701 0.816678 -2028455.552701 0.816678 0.000000
 404.550000 -2028668.919167 0.821985 -2028668.919167 0.821985 0.000000
 404.600000 -2028187.257398 0.814585 -2028187.257398 0.814585 0.000000
 404.650000 -2028005.069611 0.806867 -2028005.069611 0.806867 0.000000
 404.700000 -2028288.490768 0.814836 -2028288.490768 0.814836 0.000000
 404.750000 -2028449.170008 0.820627 -2028449.170008 0.820627 0.000000
 404.800000 -2028170.489206 0.818642 -2028170.489206 0.818642 0.000000
 404.850000 -2027870.247045 0.808387 -2027870.247045 0.808387 0.000000
 404.900000 -2027712.011645 0.806301 -2027712.011645 0.806301 0.000000
 404.950000 -2028756.317890 0.818483 -2028756.317890 0.818483 0.000000
 405.000000 -2028604.125216 0.822327 -2028604.125216 0.822327 0.000000
 405.050000 -2027897.949014 0.808772 -2027897.949014 0.808772 0.000000
 405.100000 -2027970.242229 0.806688 -2027970.242229 0.806688 0.000000
 405.150000 -2028597.854487 0.818989 -2028597.854487 0.818989 0.000000
 405.200000 -2028478.485820 0.815548 -2028478.485820 0.815548 0.000000
 405.250000 -2028064.674671 0.809852 -2028064.674671 0.809852 0.000000
 405.300000 -2028087.288543 0.810393 -2028087.288543 0.810393 0.000000
 405.350000 -2028376.191021 0.816197 -2028376.191021 0.816197 0.000000
 405.400000 -2028416.380496 0.816613 -2028416.380496 0.816613 0.000000
 405.450000 -2027998.571049 0.807771 -2027998.571049 0.807771 0.000000
 405.500000 -2028218.465372 0.814112 -2028218.465372 0.814112 0.000000
 405.550000 -2028291.977267 0.820184 -2028291.977267 0.820184 0.000000
 405.600000 -2027695.383649 0.809429 -2027695.383649 0.809429 0.000000
 405.650000 -2028178.251743 0.812748 -2028178.251743 0.812748 0.000000
 405.700000 -2028578.102152 0.820266 -2028578.102152 0.820266 0.000000
 405.750000 -2027748.356272 0.808427 -2027748.356272 0.808427 0.000000
 405.800000 -2028264.640118 0.811057 -2028264.640118 0.811057 0.000000
 405.850000 -2028480.522677 0.819970 -2028480.522677 0.819970 0.000000
 405.900000 -2028574.207104 0.819506 -2028574.207104 0.819506 0.000000
 405.950000 -2027670.374205 0.803695 -2027670.374205 0.803695 0.000000
 406.000000 -2027494.510586 0.804880 -2027494.510586 0.804880 0.000000
 406.050000 -2028674.699053 0.820784 -2028674.699053 0.820784 0.000000
 406.100000 -2028594.590820 0.824863 -2028594.590820 0.824863 0.000000
 406.150000 -2027714.383717 0.806820 -2027714.383717 0.806820 0.000000
 406.200000 -2027873.256894 0.805829 -2027873.256894 0.805829 0.000000
 406.250000 -2028128.582722 0.816504 -2028128.582722 0.816504 0.000000
 406.300000 -2028522.923406 0.821578 -2028522.923406 0.821578 0.000000
 406.350000 -2027642.747633 0.811822 -2027642.747633 0.811822 0.000000
 406.400000 -2028052.925119 0.808710 -2028052.925119 0.808710 0.000000
 406.450000 -2028152.251378 0.817564 -2028152.251378 0.817564 0.000000
 406.500000 -2028127.911236 0.815033 -2028127.911236 0.815033 0.000000
 406.550000 -2028163.324372 0.812767 -2028163.324372 0.812767 0.000000
 406.600000 -2028304.866889 0.812198 -2028304.866889 0.812198 0.000000
 406.650000 -2028445.858280 0.816056 -2028445.858280 0.816056 0.000000
 406.700000 -2028347.229782 0.815101 -2028347.229782 0.815101 0.000000
 406.750000 -2028336.333845 0.814541 -2028336.333845 0.814541 0.000000
 406.800000 -2028024.281726 0.815743 -2028024.281726 0.815743 0.000000
 406.850000 -2028022.676221 0.812656 -2028022.676221 0.812656 0.000000
 406.900000 -2027989.914948 0.810752 -2027989.914948 0.810752 0.000000
 406.950000 -2028366.421753 0.814666 -2028366.421753 0.814666 0.000000
 407.000000 -2028194.078092 0.814112 -2028194.078092 0.814112 0.000000
 407.050000 -2028384.872425 0.813357 -2028384.872425 0.813357 0.000000
 407.100000 -2028448.720268 0.813797 -2028448.720268 0.813797 0.000000
 407.150000 -2028279.474130 0.816777 -2028279.474130 0.816777 0.000000
 407.200000 -2028213.282436 0.812352 -2028213.282436 0.812352 0.000000
 407.250000 -2027867.102210 0.810225 -2027867.102210 0.810225 0.000000
 407.300000 -2027807.543734 0.810424 -2027807.543734 0.810424 0.000000
 407.350000 -2028317.295845 0.816119 -2028317.295845 0.816119 0.000000
 407.400000 -2028151.064723 0.821825 -2028151.064723 0.821825 0.000000
 407.450000 -2028152.042214 0.813835 -2028152.042214 0.813835 0.000000
 407.500000 -2027212.702237 0.801501 -2027212.702237 0.801501 0.000000
 407.550000 -2028045.687929 0.815346 -2028045.687929 0.815346 0.000000
 407.600000 -2028714.788786 0.824532 -2028714.788786 0.824532 0.000000
 407.650000 -2027868.920171 0.813522 -2027868.920171 0.813522 0.000000
 407.700000 -2027740.559221 0.807064 -2027740.559221 0.807064 0.000000
 407.750000 -2028183.784671 0.818597 -2028183.784671 0.818597 0.000000
 407.800000 -2028195.134505 0.817464 -2028195.134505 0.817464 0.000000
 407.850000 -2028213.911606 0.814942 -2028213.911606 0.814942 0.000000
 407.900000 -2027922.795778 0.808986 -2027922.795778 0.808986 0.000000
 407.950000 -2028112.066888 0.813830 -2028112.066888 0.813830 0.000000
 408.000000 -2028407.157563 0.817347 -2028407.157563 0.817347 0.000000
 408.050000 -2028158.888404 0.815590 -2028158.888404 0.815590 0.000000
 408.100000 -2027641.467183 0.807377 -2027641.467183 0.807377 0.000000
 408.150000 -2028100.210280 0.812205 -2028100.210280 0.812205 0.000000
 408.200000 -2028082.917085 0.821046 -2028082.917085 0.821046 0.000000
 408.250000 -2028321.988454 0.815314 -2028321.988454 0.815314 0.000000
 408.300000 -2027932.918207 0.808649 -2027932.918207 0.808649 0.000000
 408.350000 -2027799.934562 0.813582 -2027799.934562 0.813582 0.000000
 408.400000 -2028435.297174 0.815717 -2028435.297174 0.815717 0.000000
 408.450000 -2028270.503601 0.817901 -2028270.503601 0.817901 0.000000
 408.500000 -2027942.971690 0.807029 -2027942.971690 0.807029 0.000000
 408.550000 -2028158.479482 0.810595 -2028158.479482 0.810595 0.000000
 408.600000 -2028583.811578 0.820858 -2028583.811578 0.820858 0.000000
 408.650000 -2028222.369771 0.816451 -2028222.369771 0.816451 0.000000
 408.700000 -2027234.100647 0.799884 -2027234.100647 0.799884 0.000000
 408.750000 -2028036.531232 0.810669 -2028036.531232 0.810669 0.000000
 408.800000 -2029072.859140 0.830582 -2029072.859140 0.830582 0.000000
 408.850000 -2028123.610943 0.814488 -2028123.610943 0.814488 0.000000
 408.900000 -2027837.629415 0.806071 -2027837.629415 0.806071 0.000000
 408.950000 -2028142.353503 0.816704 -2028142.353503 0.816704 0.000000
 409.000000 -2028292.313652 0.816658 -2028292.313652 0.816658 0.000000
 409.050000 -2028206.082923 0.815214 -2028206.082923 0.815214 0.000000
 409.100000 -2027744.595098 0.804756 -2027744.595098 0.804756 0.000000
 409.150000 -2028537.619427 0.814307 -2028537.619427 0.814307 0.000000
 409.200000 -2028215.025895 0.820792 -2028215.025895 0.820792 0.000000
 409.250000 -2028130.543062 0.813792 -2028130.543062 0.813792 0.000000
 409.300000 -2027725.731486 0.811823 -2027725.731486 0.811823 0.000000
 409.350000 -2028005.476764 0.818168 -2028005.476764 0.818168 0.000000
 409.400000 -2028281.242301 0.818590 -2028281.242301 0.818590 0.000000
 409.450000 -2028539.876294 0.814200 -2028539.876294 0.814200 0.000000
 409.500000 -2027883.233677 0.807111 -2027883.233677 0.807111 0.000000
 409.550000 -2028431.786037 0.815162 -2028431.786037 0.815162 0.000000
 409.600000 -2028692.958586 0.819627 -2028692.958586 0.819627 0.000000
 409.650000 -2028211.529958 0.814464 -2028211.529958 0.814464 0.000000
 409.700000 -2027942.915552 0.805699 -2027942.915552 0.805699 0.000000
 409.750000 -2028062.014440 0.811360 -2028062.014440 0.811360 0.000000
 409.800000 -2028481.176828 0.821520 -2028481.176828 0.821520 0.000000
 409.850000 -2028197.479396 0.815320 -2028197.479396 0.815320 0.000000
 409.900000 -2027720.044375 0.800608 -2027720.044375 0.800608 0.000000
 409.950000 -2027925.455599 0.810487 -2027925.455599 0.810487 0.000000
 410.000000 -2028780.987289 0.823813 -2028780.987289 0.823813 0.000000
 410.050000 -2028210.329351 0.818376 -2028210.329351 0.818376 0.000000
 410.100000 -2027733.342214 0.803798 -2027733.342214 0.803798 0.000000
 410.150000 -2027919.981350 0.812111 -2027919.981350 0.812111 0.000000
 410.200000 -2028395.626478 0.822583 -2028395.626478 0.822583 0.000000
 410.250000 -2028354.515430 0.813492 -2028354.515430 0.813492 0.000000
 410.300000 -2027917.159677 0.812613 -2027917.159677 0.812613 0.000000
 410.350000 -2028428.041885 0.815876 -2028428.041885 0.815876 0.000000
 410.400000 -2028100.106637 0.813301 -2028100.106637 0.813301 0.000000
 410.450000 -2027734.703224 0.815568 -2027734.703224 0.815568 0.000000
 410.500000 -2028161.173783 0.815308 -2028161.173783 0.815308 0.000000
 410.550000 -2027969.481188 0.809494 -2027969.481188 0.809494 0.000000
 410.600000 -2027858.418905 0.813201 -2027858.418905 0.813201 0.000000
 410.650000 -2028324.576121 0.815731 -2028324.576121 0.815731 0.000000
 410.700000 -2028019.531003 0.814253 -2028019.531003 0.814253 0.000000
 410.750000 -2028286.916700 0.813751 -2028286.916700 0.813751 0.000000
 410.800000 -2028271.176102 0.814812 -2028271.176102 0.814812 0.000000
 410.850000 -2028055.634430 0.812677 -2028055.634430 0.812677 0.000000
 410.900000 -2028129.068158 0.811371 -2028129.068158 0.811371 0.000000
 410.950000 -2028549.167109 0.817749 -2028549.167109 0.817749 0.000000
 411.000000 -2028113.650652 0.812624 -2028113.650652 0.812624 0.000000
 411.050000 -2028060.076897 0.808927 -2028060.076897 0.808927 0.000000
 411.100000 -2028492.725991 0.818895 -2028492.725991 0.818895 0.000000
 411.150000 -2028247.017473 0.814823 -2028247.017473 0.814823 0.000000
 411.200000 -2027900.332133 0.810736 -2027900.332133 0.810736 0.000000
 411.250000 -2028363.856950 0.814373 -2028363.856950 0.814373 0.000000
 411.300000 -2028201.593086 0.821263 -2028201.593086 0.821263 0.000000
 411.350000 -2027793.409370 0.810163 -2027793.409370 0.810163 0.000000
 411.400000 -2028051.414416 0.812668 -2028051.414416 0.812668 0.000000
 411.450000 -2028591.436726 0.817726 -2028591.436726 0.817726 0.000000
 411.500000 -2028177.099334 0.815671 -2028177.099334 0.815671 0.000000
 411.550000 -2028020.567213 0.809907 -2028020.567213 0.809907 0.000000
 411.600000 -2028068.925447 0.809505 -2028068.925447 0.809505 0.000000
 411.650000 -2028098.955242 0.819556 -2028098.955242 0.819556 0.000000
 411.700000 -2028804.029506 0.825349 -2028804.029506 0.825349 0.000000
 411.750000 -2028334.847361 0.811427 -2028334.847361 0.811427 0.000000
 411.800000 -2027474.018424 0.805557 -2027474.018424 0.805557 0.000000
 411.850000 -2028280.504341 0.811391 -2028280.504341 0.811391 0.000000
 411.900000 -2028640.799189 0.818976 -2028640.799189 0.818976 0.000000
 411.950000 -2027919.746817 0.811365 -2027919.746817 0.811365 0.000000
 412.000000 -2028250.228699 0.809376 -2028250.228699 0.809376 0.000000
 412.050000 -2028338.090893 0.817540 -2028338.090893 0.817540 0.000000
 412.100000 -2028414.470114 0.814497 -2028414.470114 0.814497 0.000000
 412.150000 -2027919.701313 0.810252 -2027919.701313 0.810252 0.000000
 412.200000 -2028321.651398 0.815383 -2028321.651398 0.815383 0.000000
 412.250000 -2028762.951165 0.824136 -2028762.951165 0.824136 0.000000
 412.300000 -2027825.655790 0.813418 -2027825.655790 0.813418 0.000000
 412.350000 -2027557.838633 0.804269 -2027557.838633 0.804269 0.000000
 412.400000 -2028096.560033 0.815346 -2028096.560033 0.815346 0.000000
 412.450000 -2028563.571938 0.822075 -2028563.571938 0.822075 0.000000
 412.500000 -2028018.630381 0.814809 -2028018.630381 0.814809 0.000000
 412.550000 -2027893.725423 0.809256 -2027893.725423 0.809256 0.000000
 412.600000 -2028489.807522 0.816997 -2028489.807522 0.816997 0.000000
 412.650000 -2028060.365721 0.814925 -2028060.365721 0.814925 0.000000
 412.700000 -2028175.383855 0.810917 -2028175.383855 0.810917 0.000000
 412.750000 -2028297.798651 0.812499 -2028297.798651 0.812499 0.000000
 412.800000 -2028321.688878 0.821764 -2028321.688878 0.821764 0.000000
 412.850000 -2028176.936690 0.814373 -2028176.936690 0.814373 0.000000
 412.900000 -2027366.522594 0.801842 -2027366.522594 0.801842 0.000000
 412.950000 -2027929.813191 0.812554 -2027929.813191 0.812554 0.000000
 413.000000 -2028722.045583 0.823268 -2028722.045583 0.823268 0.000000
 413.050000 -2028152.872566 0.817155 -2028152.872566 0.817155 0.000000
 413.100000 -2028013.951627 0.809792 -2028013.951627 0.809792 0.000000
 413.150000 -2028219.189070 0.810899 -2028219.189070 0.810899 0.000000
 413.200000 -2028376.410307 0.817304 -2028376.410307 0.817304 0.000000
 413.250000 -2028094.776921 0.812606 -2028094.776921 0.812606 0.000000
 413.300000 -2028227.027632 0.813526 -2028227.027632 0.813526 0.000000
 413.350000 -2028247.928552 0.816462 -2028247.928552 0.816462 0.000000
 413.400000 -2028104.536808 0.812764 -2028104.536808 0.812764 0.000000
 413.450000 -2028170.282724 0.813857 -2028170.282724 0.813857 0.000000
 413.500000 -2028075.798372 0.814537 -2028075.798372 0.814537 0.000000
 413.550000 -2028091.295918 0.811228 -2028091.295918 0.811228 0.000000
 413.600000 -2028413.128978 0.814314 -2028413.128978 0.814314 0.000000
 413.650000 -2028280.217227 0.816557 -2028280.217227 0.816557 0.000000
 413.700000 -2027987.413183 0.812054 -2027987.413183 0.812054 0.000000
 413.750000 -2028423.381526 0.814364 -2028423.381526 0.814364 0.000000
 413.800000 -2028458.221276 0.815368 -2028458.221276 0.815368 0.000000
 413.850000 -2028041.592932 0.811460 -2028041.592932 0.811460 0.000000
 413.900000 -2028083.626182 0.811194 -2028083.626182 0.811194 0.000000
 413.950000 -2028304.527851 0.816891 -2028304.527851 0.816891 0.000000
 414.000000 -2028174.599295 0.812619 -2028174.599295 0.812619 0.000000
 414.050000 -2028310.621006 0.811307 -2028310.621006 0.811307 0.000000
 414.100000 -2028830.021042 0.818241 -2028830.021042 0.818241 0.000000
 414.150000 -2028544.261243 0.815710 -2028544.261243 0.815710 0.000000
 414.200000 -2027776.822934 0.804522 -2027776.822934 0.804522 0.000000
 414.250000 -2028416.581419 0.814553 -2028416.581419 0.814553 0.000000
 414.300000 -2028556.905361 0.826509 -2028556.905361 0.826509 0.000000
 414.350000 -2028281.994196 0.810649 -2028281.994196 0.810649 0.000000
 414.400000 -2027444.032780 0.803203 -2027444.032780 0.803203 0.000000
 414.450000 -2028550.596862 0.819370 -2028550.596862 0.819370 0.000000
 414.500000 -2028268.293837 0.816747 -2028268.293837 0.816747 0.000000
 414.550000 -2028250.950827 0.809968 -2028250.950827 0.809968 0.000000
 414.600000 -2028194.101126 0.814056 -2028194.101126 0.814056 0.000000
 414.650000 -2028216.773263 0.816176 -2028216.773263 0.816176 0.000000
 414.700000 -2027773.635141 0.810364 -2027773.635141 0.810364 0.000000
 414.750000 -2028081.621099 0.813003 -2028081.621099 0.813003 0.000000
 414.800000 -2028067.463045 0.813602 -2028067.463045 0.813602 0.000000
 414.850000 -2028429.538855 0.813097 -2028429.538855 0.813097 0.000000
 414.900000 -2028078.462398 0.815458 -2028078.462398 0.815458 0.000000
 414.950000 -2028147.695185 0.817463 -2028147.695185 0.817463 0.000000
 415.000000 -2028130.243175 0.811525 -2028130.243175 0.811525 0.000000
 415.050000 -2027824.958249 0.809998 -2027824.958249 0.809998 0.000000
 415.100000 -2028275.349584 0.818718 -2028275.349584 0.818718 0.000000
 415.150000 -2028535.507672 0.818437 -2028535.507672 0.818437 0.000000
 415.200000 -2027720.847085 0.805984 -2027720.847085 0.805984 0.000000
 415.250000 -2028249.101347 0.807652 -2028249.101347 0.807652 0.000000
 415.300000 -2028494.178315 0.819744 -2028494.178315 0.819744 0.000000
 415.350000 -2028312.123439 0.820453 -2028312.123439 0.820453 0.000000
 415.400000 -2027977.865630 0.813468 -2027977.865630 0.813468 0.000000
 415.450000 -2028012.712530 0.810899 -2028012.712530 0.810899 0.000000
 415.500000 -2028322.512688 0.819085 -2028322.512688 0.819085 0.000000
 415.550000 -2028074.590611 0.811192 -2028074.590611 0.811192 0.000000
 415.600000 -2027963.867171 0.811490 -2027963.867171 0.811490 0.000000
 415.650000 -2028137.476398 0.817370 -2028137.476398 0.817370 0.000000
 415.700000 -2028346.140206 0.813138 -2028346.140206 0.813138 0.000000
 415.750000 -2027707.769731 0.812125 -2027707.769731 0.812125 0.000000
 415.800000 -2028164.114491 0.810050 -2028164.114491 0.810050 0.000000
 415.850000 -2028641.326813 0.815935 -2028641.326813 0.815935 0.000000
 415.900000 -2028347.630337 0.818625 -2028347.630337 0.818625 0.000000
 415.950000 -2028249.439245 0.811528 -2028249.439245 0.811528 0.000000
 416.000000 -2028016.587386 0.811806 -2028016.587386 0.811806 0.000000
 416.050000 -2028189.270649 0.812360 -2028189.270649 0.812360 0.000000
 416.100000 -2028193.071168 0.813368 -2028193.071168 0.813368 0.000000
 416.150000 -2028120.773929 0.814881 -2028120.773929 0.814881 0.000000
 416.200000 -2027960.796900 0.808447 -2027960.796900 0.808447 0.000000
 416.250000 -2027975.728535 0.811066 -2027975.728535 0.811066 0.000000
 416.300000 -2028805.766546 0.821282 -2028805.766546 0.821282 0.000000
 416.350000 -2028157.803730 0.813047 -2028157.803730 0.813047 0.000000
 416.400000 -2027833.047747 0.808932 -2027833.047747 0.808932 0.000000
 416.450000 -2028245.922975 0.813039 -2028245.922975 0.813039 0.000000
 416.500000 -2028178.378744 0.816473 -2028178.378744 0.816473 0.000000
 416.550000 -2028091.583576 0.818430 -2028091.583576 0.818430 0.000000
 416.600000 -2027829.065645 0.805561 -2027829.065645 0.805561 0.000000
 416.650000 -2027615.771776 0.807082 -2027615.771776 0.807082 0.000000
 416.700000 -2028360.623517 0.819882 -2028360.623517 0.819882 0.000000
 416.750000 -2028209.567077 0.818491 -2028209.567077 0.818491 0.000000
 416.800000 -2028206.223932 0.810230 -2028206.223932 0.810230 0.000000
 416.850000 -2027579.054376 0.807821 -2027579.054376 0.807821 0.000000
 416.900000 -2028496.038303 0.814249 -2028496.038303 0.814249 0.000000
 416.950000 -2028758.766886 0.823848 -2028758.766886 0.823848 0.000000
 417.000000 -2028379.850188 0.816530 -2028379.850188 0.816530 0.000000
 417.050000 -2027822.434853 0.808677 -2027822.434853 0.808677 0.000000
 417.100000 -2028133.385581 0.808505 -2028133.385581 0.808505 0.000000
 417.150000 -2028463.074399 0.817122 -2028463.074399 0.817122 0.000000
 417.200000 -2028413.522198 0.819268 -2028413.522198 0.819268 0.000000
 417.250000 -2027984.520124 0.808929 -2027984.520124 0.808929 0.000000
 417.300000 -2028162.897361 0.814432 -2028162.897361 0.814432 0.000000
 417.350000 -2028348.645122 0.814690 -2028348.645122 0.814690 0.000000
 417.400000 -2028358.081232 0.813616 -2028358.081232 0.813616 0.000000
 417.450000 -2028200.242811 0.811139 -2028200.242811 0.811139 0.000000
 417.500000 -2028403.135963 0.815948 -2028403.135963 0.815948 0.000000
 417.550000 -2028111.653689 0.814185 -2028111.653689 0.814185 0.000000
 417.600000 -2027941.686467 0.806029 -2027941.686467 0.806029 0.000000
 417.650000 -2028087.483937 0.808017 -2028087.483937 0.808017 0.000000
 417.700000 -2028828.716157 0.825446 -2028828.716157 0.825446 0.000000
 417.750000 -2028059.212582 0.817073 -2028059.212582 0.817073 0.000000
 417.800000 -2027538.752785 0.802916 -2027538.752785 0.802916 0.000000
 417.850000 -2028141.318393 0.812141 -2028141.318393 0.812141 0.000000
 417.900000 -2028302.566314 0.823730 -2028302.566314 0.823730 0.000000
 417.950000 -2028453.486033 0.817703 -2028453.486033 0.817703 0.000000
 418.000000 -2027811.123079 0.809484 -2027811.123079 0.809484 0.000000
 418.050000 -2028438.979165 0.812761 -2028438.979165 0.812761 0.000000
 418.100000 -2028400.421642 0.816168 -2028400.421642 0.816168 0.000000
 418.150000 -2028037.636951 0.814214 -2028037.636951 0.814214 0.000000
 418.200000 -2027974.280404 0.809833 -2027974.280404 0.809833 0.000000
 418.250000 -2028699.391741 0.816167 -2028699.391741 0.816167 0.000000
 418.300000 -2028397.715811 0.817127 -2028397.715811 0.817127 0.000000
 418.350000 -2027769.077867 0.811319 -2027769.077867 0.811319 0.000000
 418.400000 -2027992.182610 0.804559 -2027992.182610 0.804559 0.000000
 418.450000 -2028449.623504 0.816975 -2028449.623504 0.816975 0.000000
 418.500000 -2028509.988377 0.818331 -2028509.988377 0.818331 0.000000
 418.550000 -2027716.298809 0.807421 -2027716.298809 0.807421 0.000000
 418.600000 -2027698.524784 0.805500 -2027698.524784 0.805500 0.000000
 418.650000 -2028555.091455 0.818093 -2028555.091455 0.818093 0.000000
 418.700000 -2028476.612979 0.816591 -2028476.612979 0.816591 0.000000
 418.750000 -2027815.903742 0.806543 -2027815.903742 0.806543 0.000000
 418.800000 -2028360.946181 0.813160 -2028360.946181 0.813160 0.000000
 418.850000 -2028509.210957 0.816274 -2028509.210957 0.816274 0.000000
 418.900000 -2028072.743572 0.812199 -2028072.743572 0.812199 0.000000
 418.950000 -2028212.659420 0.810196 -2028212.659420 0.810196 0.000000
 419.000000 -2028325.670865 0.814661 -2028325.670865 0.814661 0.000000
 419.050000 -2028493.124459 0.814560 -2028493.124459 0.814560 0.000000
 419.100000 -2028187.348660 0.808477 -2028187.348660 0.808477 0.000000
 419.150000 -2028203.610446 0.816598 -2028203.610446 0.816598 0.000000
 419.200000 -2028484.776142 0.819783 -2028484.776142 0.819783 0.000000
 419.250000 -2028352.788504 0.810765 -2028352.788504 0.810765 0.000000
 419.300000 -2028005.899966 0.812286 -2028005.899966 0.812286 0.000000
 419.350000 -2028111.022506 0.816947 -2028111.022506 0.816947 0.000000
 419.400000 -2028256.160558 0.815173 -2028256.160558 0.815173 0.000000
 419.450000 -2027974.448965 0.808331 -2027974.448965 0.808331 0.000000
 419.500000 -2028020.603768 0.811320 -2028020.603768 0.811320 0.000000
 419.550000 -2028479.282764 0.814607 -2028479.282764 0.814607 0.000000
 419.600000 -2028322.229163 0.813870 -2028322.229163 0.813870 0.000000
 419.650000 -2028165.250350 0.809776 -2028165.250350 0.809776 0.000000
 419.700000 -2028486.675168 0.814662 -2028486.675168 0.814662 0.000000
 419.750000 -2028299.607560 0.816745 -2028299.607560 0.816745 0.000000
 419.800000 -2028053.632292 0.811564 -2028053.632292 0.811564 0.000000
 419.850000 -2027890.940012 0.809342 -2027890.940012 0.809342 0.000000
 419.900000 -2028208.333130 0.814526 -2028208.333130 0.814526 0.000000
 419.950000 -2028348.298368 0.815923 -2028348.298368 0.815923 0.000000
 420.000000 -2028265.711078 0.816673 -2028265.711078 0.816673 0.000000
 420.050000 -2028778.583817 0.843675 -2028778.583817 0.843675 -253.655515
 420.100000 -2026800.276781 0.828489 -2026800.276781 0.828489 -592.086818
 420.150000 -2025833.510560 0.799751 -2025833.510560 0.799751 -403.690616
 420.200000 -2028217.115319 0.842022 -2028217.115319 0.842022 -381.583834
 420.250000 -2027146.536544 0.824448 -2027146.536544 0.824448 -346.092580
 420.300000 -2026251.449896 0.805533 -2026251.449896 0.805533 -305.878043
 420.350000 -2028498.795088 0.847534 -2028498.795088 0.847534 -377.559135
 420.400000 -2026246.427130 0.813001 -2026246.427130 0.813001 -423.208698
 420.450000 -2026280.242648 0.803376 -2026280.242648 0.803376 -242.936503
 420.500000 -2028164.147971 0.834805 -2028164.147971 0.834805 -192.072689
 420.550000 -2027060.233185 0.820863 -2027060.233185 0.820863 -264.054068
 420.600000 -2026054.338751 0.796637 -2026054.338751 0.796637 -228.127881
 420.650000 -2027597.059375 0.823244 -2027597.059375 0.823244 -125.536590
 420.700000 -2027676.336527 0.839319 -2027676.336527 0.839319 -409.620785
 420.750000 -2026349.468651 0.807902 -2026349.468651 0.807902 -260.256593
 420.800000 -2026997.053967 0.815900 -2026997.053967 0.815900 -174.965491
 420.850000 -2028471.180141 0.839256 -2028471.180141 0.839256 -156.755413
 420.900000 -2026653.081533 0.802013 -2026653.081533 0.802013 -103.482807
 420.950000 -2027390.212993 0.812625 -2027390.212993 0.812625 -23.185550
 421.000000 -2030672.748452 0.836415 -2030672.748452 0.836415 -876.871997
 421.050000 -2033150.514613 0.830129 -2033150.514613 0.830129 -3024.862277
 421.100000 -2034854.150939 0.828201 -2034854.150939 0.828201 -4431.499027
 421.150000 -2033614.860857 0.806192 -2033614.860857 0.806192 -4332.612744
 421.200000 -2033499.824001 0.805039 -2033499.824001 0.805039 -4291.126787
 421.250000 -2034338.200905 0.798507 -2034338.200905 0.798507 -5276.560466
 421.300000 -2033939.107224 0.803580 -2033939.107224 0.803580 -4690.030601
 421.350000 -2034489.144648 0.794916 -2034489.144648 0.794916 -5557.225650
 421.400000 -2033544.094700 0.785559 -2033544.094700 0.785559 -5299.871150
 421.450000 -2033863.904600 0.804548 -2033863.904600 0.804548 -4551.429838
 421.500000 -2033858.667883 0.793995 -2033858.667883 0.793995 -5062.332455
 421.550000 -2033441.474660 0.790861 -2033441.474660 0.790861 -4891.789179
 421.600000 -2035403.343037 0.824647 -2035403.343037 0.824647 -4974.507041
 421.650000 -2034151.138286 0.801382 -2034151.138286 0.801382 -4914.805224
 421.700000 -2034216.440886 0.806006 -2034216.440886 0.806006 -4740.826314
 421.750000 -2034688.919837 0.783440 -2034688.919837 0.783440 -6254.225971
 421.800000 -2033678.400714 0.809337 -2033678.400714 0.809337 -4153.311837
 421.850000 -2034527.508043 0.828191 -2034527.508043 0.828191 -4119.698924
 421.900000 -2033749.757635 0.795359 -2033749.757635 0.795359 -4854.642410
 421.950000 -2033900.055024 0.807751 -2033900.055024 0.807751 -4372.096800
 422.000000 -2033427.219428 0.791736 -2033427.219428 0.791736 -4759.747990
 422.050000 -2033795.486571 0.799565 -2033795.486571 0.799565 -4635.703431
 422.100000 -2033302.014032 0.799494 -2033302.014032 0.799494 -4243.768830
 422.150000 -2035432.373435 0.824756 -2035432.373435 0.824756 -4939.146391
 422.200000 -2033446.600030 0.802180 -2033446.600030 0.802180 -4233.011630
 422.250000 -2033763.725320 0.792343 -2033763.725320 0.792343 -4945.750512
 422.300000 -2033745.434665 0.803311 -2033745.434665 0.803311 -4403.190487
 422.350000 -2034263.571598 0.818129 -2034263.571598 0.818129 -4223.644815
 422.400000 -2033637.028354 0.794738 -2033637.028354 0.794738 -4709.575775
 422.450000 -2035690.731488 0.832040 -2035690.731488 0.832040 -4877.217218
 422.500000 -2033461.307859 0.801541 -2033461.307859 0.801541 -4235.993482
 422.550000 -2035609.761384 0.826875 -2035609.761384 0.826875 -4968.574169
 422.600000 -2033336.085997 0.808154 -2033336.085997 0.808154 -3829.920712
 422.650000 -2033190.030189 0.792665 -2033190.030189 0.792665 -4433.969438
 422.700000 -2034915.711740 0.832419 -2034915.711740 0.832419 -4194.779382
 422.750000 -2032694.895210 0.785643 -2032694.895210 0.785643 -4407.344534
 422.800000 -2034065.206988 0.812220 -2034065.206988 0.812220 -4220.227114
 422.850000 -2033445.510459 0.801505 -2033445.510459 0.801505 -4185.626542
 422.900000 -2032928.450616 0.794530 -2032928.450616 0.794530 -4098.055303
 422.950000 -2033561.625768 0.806912 -2033561.625768 0.806912 -4016.391595
 423.000000 -2034189.577767 0.825096 -2034189.577767 0.825096 -3849.052644
 423.050000 -2032637.274130 0.791629 -2032637.274130 0.791629 -3996.221765
 423.100000 -2033344.415076 0.796382 -2033344.415076 0.796382 -4309.386668
 423.150000 -2033866.301429 0.821940 -2033866.301429 0.821940 -3674.209129
 423.200000 -2033573.844506 0.810274 -2033573.844506 0.810274 -3864.068478
 423.250000 -2034336.422727 0.818202 -2034336.422727 0.818202 -4152.085367
 423.300000 -2033516.600181 0.813161 -2033516.600181 0.813161 -3673.702825
 423.350000 -2032265.034265 0.784229 -2032265.034265 0.784229 -4079.993667
 423.400000 -2032753.894235 0.798009 -2032753.894235 0.798009 -3731.456911
 423.450000 -2032626.668787 0.797750 -2032626.668787 0.797750 -3613.602447
 423.500000 -2035196.199044 0.836368 -2035196.199044 0.836368 -4213.379376
 423.550000 -2032231.995105 0.800461 -2032231.995105 0.800461 -3172.322016
 423.600000 -2034132.582397 0.820518 -2034132.582397 0.820518 -3866.568381
 423.650000 -2033331.366897 0.813594 -2033331.366897 0.813594 -3467.151605
 423.700000 -2033279.863972 0.798477 -2033279.863972 0.798477 -4086.605882
 423.750000 -2032490.489326 0.792828 -2032490.489326 0.792828 -3736.118620
 423.800000 -2034296.730949 0.816171 -2034296.730949 0.816171 -4122.705617
 423.850000 -2033507.187856 0.811525 -2033507.187856 0.811525 -3670.214850
 423.900000 -2033031.106439 0.809085 -2033031.106439 0.809085 -3395.009153
 423.950000 -2032011.794864 0.786964 -2032011.794864 0.786964 -3633.000033
 424.000000 -2033571.675710 0.810339 -2033571.675710 0.810339 -3755.936897
 424.050000 -2032828.696180 0.800395 -2032828.696180 0.800395 -3593.412253
 424.100000 -2034582.317718 0.830697 -2034582.317718 0.830697 -3817.464046
 424.150000 -2032721.567921 0.807521 -2032721.567921 0.807521 -3179.124928
 424.200000 -2032902.449838 0.801837 -2032902.449838 0.801837 -3571.786503
 424.250000 -2033871.251199 0.826597 -2033871.251199 0.826597 -3346.625091
 424.300000 -2032723.537949 0.802876 -2032723.537949 0.802876 -3366.538513
 424.350000 -2033416.296087 0.802652 -2033416.296087 0.802652 -3930.818602
 424.400000 -2032265.261201 0.793553 -2032265.261201 0.793553 -3445.651354
 424.450000 -2033159.014473 0.805040 -2033159.014473 0.805040 -3591.012873
 424.500000 -2033281.737409 0.823381 -2033281.737409 0.823381 -2963.805980
 424.550000 -2032581.450858 0.812307 -2032581.450858 0.812307 -2810.159627
 424.600000 -2032432.240565 0.796459 -2032432.240565 0.796459 -3401.083590
 424.650000 -2031466.551316 0.792176 -2031466.551316 0.792176 -2889.250348
 424.700000 -2032134.377979 0.795169 -2032134.377979 0.795169 -3209.478328
 424.750000 -2031173.158774 0.793427 -2031173.158774 0.793427 -2602.873600
 424.800000 -2031310.414202 0.792759 -2031310.414202 0.792759 -2713.002266
 424.850000 -2031762.919544 0.789936 -2031762.919544 0.789936 -3179.683623
 424.900000 -2032574.102181 0.811795 -2032574.102181 0.811795 -2813.301527
 424.950000 -2032426.305491 0.819955 -2032426.305491 0.819955 -2424.219816
 425.000000 -2032935.226714 0.821234 -2032935.226714 0.821234 -2740.809383
 425.050000 -2032646.102245 0.817327 -2032646.102245 0.817327 -2632.238291
 425.100000 -2032041.714225 0.815418 -2032041.714225 0.815418 -2273.679782
 425.150000 -2031601.875495 0.790654 -2031601.875495 0.790654 -3010.225537
 425.200000 -2033538.531889 0.817870 -2033538.531889 0.817870 -3315.235522
 425.250000 -2033252.874357 0.824781 -2033252.874357 0.824781 -2834.646009
 425.300000 -2032352.648910 0.801616 -2032352.648910 0.801616 -3036.575630
 425.350000 -2032726.221823 0.796329 -2032726.221823 0.796329 -3585.144119
 425.400000 -2033845.342717 0.831305 -2033845.342717 0.831305 -3096.120858
 425.450000 -2031169.216153 0.780932 -2031169.216153 0.780932 -3161.974807
 425.500000 -2033066.642277 0.829992 -2033066.642277 0.829992 -2531.019676
 425.550000 -2031876.079598 0.804879 -2031876.079598 0.804879 -2518.876252
 425.600000 -2031553.127260 0.802023 -2031553.127260 0.802023 -2402.045920
 425.650000 -2032822.060538 0.824853 -2032822.060538 0.824853 -2489.859858
 425.700000 -2030508.865133 0.783747 -2030508.865133 0.783747 -2511.974746
 425.750000 -2031752.299802 0.796338 -2031752.299802 0.796338 -2802.293709
 425.800000 -2032458.698311 0.805599 -2032458.698311 0.805599 -2926.717175
 425.850000 -2032189.280903 0.823396 -2032189.280903 0.823396 -2082.409431
 425.900000 -2032075.929383 0.821142 -2032075.929383 0.821142 -2061.912209
 425.950000 -2032932.501264 0.814499 -2032932.501264 0.814499 -2928.009753
 426.000000 -2030870.097322 0.785266 -2030870.097322 0.785266 -2673.505411
 426.050000 -2033060.511040 0.816510 -2033060.511040 0.816510 -2934.403644
 426.100000 -2031969.921647 0.815409 -2031969.921647 0.815409 -2141.859102
 426.150000 -2032756.401322 0.808596 -2032756.401322 0.808596 -3009.887520
 426.200000 -2031691.438710 0.793372 -2031691.438710 0.793372 -2874.914118
 426.250000 -2031856.112641 0.811082 -2031856.112641 0.811082 -2191.941534
 426.300000 -2031770.779949 0.788091 -2031770.779949 0.788091 -3204.851398
 426.350000 -2032788.088970 0.822108 -2032788.088970 0.822108 -2505.295233
 426.400000 -2032961.145601 0.826031 -2032961.145601 0.826031 -2511.206606
 426.450000 -2032529.442876 0.823796 -2032529.442876 0.823796 -2255.662488
 426.500000 -2032356.592842 0.817485 -2032356.592842 0.817485 -2320.490805
 426.550000 -2032004.317778 0.787737 -2032004.317778 0.787737 -3410.023603
 426.600000 -2032935.841151 0.815904 -2032935.841151 0.815904 -2831.795595
 426.650000 -2032087.982441 0.805726 -2032087.982441 0.805726 -2569.569368
 426.700000 -2032155.138001 0.808238 -2032155.138001 0.808238 -2514.356683
 426.750000 -2032778.747035 0.810153 -2032778.747035 0.810153 -2930.304063
 426.800000 -2032416.937186 0.808018 -2032416.937186 0.808018 -2733.265918
 426.850000 -2032112.388621 0.806877 -2032112.388621 0.806877 -2514.138681
 426.900000 -2032211.890708 0.804968 -2032211.890708 0.804968 -2678.127617
 426.950000 -2033948.765577 0.821242 -2033948.765577 0.821242 -3395.974566
 427.000000 -2032413.662026 0.818014 -2032413.662026 0.818014 -2332.672186
 427.050000 -2031465.846355 0.786328 -2031465.846355 0.786328 -2994.393164
 427.100000 -2032124.983024 0.798134 -2032124.983024 0.798134 -2909.005526
 427.150000 -2031336.474116 0.795769 -2031336.474116 0.795769 -2431.779598
 427.200000 -2032544.194254 0.816179 -2032544.194254 0.816179 -2464.910269
 427.250000 -2032122.190141 0.820748 -2032122.190141 0.820748 -2012.890990
 427.300000 -2030525.146715 0.783087 -2030525.146715 0.783087 -2451.662863
 427.350000 -2032593.668514 0.812884 -2032593.668514 0.812884 -2614.805441
 427.400000 -2030875.743578 0.784739 -2030875.743578 0.784739 -2608.977939
 427.450000 -2031438.026354 0.807558 -2031438.026354 0.807558 -1961.963282
 427.500000 -2032945.169272 0.830655 -2032945.169272 0.830655 -2291.223438
 427.550000 -2031148.761007 0.796738 -2031148.761007 0.796738 -2212.602064
 427.600000 -2032702.075418 0.812797 -2032702.075418 0.812797 -2701.933295
 427.650000 -2031521.174713 0.783558 -2031521.174713 0.783558 -3152.025500
 427.700000 -2031948.713876 0.801691 -2031948.713876 0.801691 -2558.588642
 427.750000 -2031662.946917 0.809586 -2031662.946917 0.809586 -2034.189923
 427.800000 -2032763.146817 0.818317 -2032763.146817 0.818317 -2519.700324
 427.850000 -2030976.354087 0.790071 -2030976.354087 0.790071 -2364.456009
 427.900000 -2032444.864593 0.821262 -2032444.864593 0.821262 -2175.417232
 427.950000 -2031677.383309 0.813561 -2031677.383309 0.813561 -1885.399399
 428.000000 -2031318.355954 0.792182 -2031318.355954 0.792182 -2524.483242
 428.050000 -2031477.303683 0.803224 -2031477.303683 0.803224 -2122.244188
 428.100000 -2032162.257579 0.804201 -2032162.257579 0.804201 -2596.847320
 428.150000 -2032074.769843 0.788301 -2032074.769843 0.788301 -3313.083848
 428.200000 -2031282.309435 0.798162 -2031282.309435 0.798162 -2196.403946
 428.250000 -2032075.347457 0.807256 -2032075.347457 0.807256 -2388.157773
 428.300000 -2033706.700070 0.821139 -2033706.700070 0.821139 -3146.699723
 428.350000 -2031472.500052 0.792286 -2031472.500052 0.792286 -2592.424112
 428.400000 -2032723.685498 0.827335 -2032723.685498 0.827335 -2182.242997
 428.450000 -2031837.307453 0.807671 -2031837.307453 0.807671 -2172.947687
 428.500000 -2032923.928392 0.823466 -2032923.928392 0.823466 -2429.566312
 428.550000 -2031508.244493 0.811918 -2031508.244493 0.811918 -1790.071304
 428.600000 -2032425.922949 0.818612 -2032425.922949 0.818612 -2197.801950
 428.650000 -2032390.614594 0.824173 -2032390.614594 0.824173 -1982.574223
 428.700000 -2032146.654999 0.825037 -2032146.654999 0.825037 -1790.838596
 428.750000 -2032542.425558 0.821997 -2032542.425558 0.821997 -2155.781708
 428.800000 -2031388.647703 0.796670 -2031388.647703 0.796670 -2297.517387
 428.850000 -2032184.556970 0.795209 -2032184.556970 0.795209 -2981.824939
 428.900000 -2030976.102418 0.793272 -2030976.102418 0.793272 -2156.161144
 428.950000 -2030327.509974 0.790219 -2030327.509974 0.790219 -1875.238605
 429.000000 -2030966.577776 0.793749 -2030966.577776 0.793749 -2119.054386
 429.050000 -2030752.053696 0.797027 -2030752.053696 0.797027 -1822.901327
 429.100000 -2030083.164564 0.796151 -2030083.164564 0.796151 -1462.448325
 429.150000 -2030191.743937 0.787860 -2030191.743937 0.787860 -1844.791728
 429.200000 -2030398.711818 0.803119 -2030398.711818 0.803119 -1384.867227
 429.250000 -2030763.713391 0.800671 -2030763.713391 0.800671 -1662.088417
 429.300000 -2030328.647466 0.799413 -2030328.647466 0.799413 -1449.594558
 429.350000 -2030899.292369 0.809175 -2030899.292369 0.809175 -1439.355216
 429.400000 -2032437.132304 0.832337 -2032437.132304 0.832337 -1774.232781
 429.450000 -2031704.678452 0.831532 -2031704.678452 0.831532 -1326.384441
 429.500000 -2031044.372616 0.799688 -2031044.372616 0.799688 -1880.791932
 429.550000 -2031571.266266 0.803247 -2031571.266266 0.803247 -2126.632406
 429.600000 -2032195.793909 0.816669 -2032195.793909 0.816669 -2053.195333
 429.650000 -2030619.797831 0.802697 -2030619.797831 0.802697 -1486.362733
 429.700000 -2029773.212281 0.787851 -2029773.212281 0.787851 -1547.006851
 429.750000 -2031799.541949 0.818411 -2031799.541949 0.818411 -1702.452172
 429.800000 -2031559.254693 0.820956 -2031559.254693 0.820956 -1479.112477
 429.850000 -2030077.241002 0.788210 -2030077.241002 0.788210 -1698.060522
 429.900000 -2031374.806411 0.812945 -2031374.806411 0.812945 -1589.860835
 429.950000 -2031405.293143 0.793580 -2031405.293143 0.793580 -2426.723130
 430.000000 -2031923.224756 0.818039 -2031923.224756 0.818039 -1780.994289
 430.050000 -2030388.047823 0.802894 -2030388.047823 0.802894 -1295.323553
 430.100000 -2032003.172491 0.835604 -2032003.172491 0.835604 -1386.569893
 430.150000 -2029982.001118 0.789449 -2029982.001118 0.789449 -1576.285185
 430.200000 -2031610.369097 0.814195 -2031610.369097 0.814195 -1688.298308
 430.250000 -2030045.132095 0.797084 -2030045.132095 0.797084 -1287.765292
 430.300000 -2030977.148330 0.800144 -2030977.148330 0.800144 -1775.172953
 430.350000 -2030615.983422 0.790893 -2030615.983422 0.790893 -1920.058734
 430.400000 -2030724.766947 0.807748 -2030724.766947 0.807748 -1321.166884
 430.450000 -2032200.843155 0.830243 -2032200.843155 0.830243 -1604.002478
 430.500000 -2029850.079917 0.786085 -2029850.079917 0.786085 -1603.649792
 430.550000 -2031850.377370 0.812184 -2031850.377370 0.812184 -1940.176325
 430.600000 -2030132.428676 0.794820 -2030132.428676 0.794820 -1403.046039
 430.650000 -2030413.640496 0.789529 -2030413.640496 0.789529 -1824.185942
 430.700000 -2033266.677960 0.824828 -2033266.677960 0.824828 -2606.890794
 430.750000 -2030859.065555 0.791962 -2030859.065555 0.791962 -2053.897484
 430.800000 -2032042.965565 0.818505 -2032042.965565 0.818505 -1834.948914
 430.850000 -2031430.159936 0.822170 -2031430.159936 0.822170 -1319.619630
 430.900000 -2031890.795879 0.824284 -2031890.795879 0.824284 -1534.764514
 430.950000 -2030291.581661 0.805586 -2030291.581661 0.805586 -1104.888470
 431.000000 -2031184.423608 0.815211 -2031184.423608 0.815211 -1336.324421
 431.050000 -2030642.683080 0.807046 -2030642.683080 0.807046 -1245.629829
 431.100000 -2031540.081896 0.805479 -2031540.081896 0.805479 -1961.143886
 431.150000 -2031107.675968 0.788192 -2031107.675968 0.788192 -2436.782475
 431.200000 -2032534.654963 0.816510 -2032534.654963 0.816510 -2283.671615
 431.250000 -2030512.396732 0.788326 -2030512.396732 0.788326 -1941.500183
 431.300000 -2031435.493068 0.805912 -2031435.493068 0.805912 -1825.118799
 431.350000 -2031067.878092 0.801076 -2031067.878092 0.801076 -1758.659009
 431.400000 -2031096.245855 0.782585 -2031096.245855 0.782585 -2699.220296
 431.450000 -2032337.744340 0.827619 -2032337.744340 0.827619 -1730.261955
 431.500000 -2030544.103254 0.803517 -2030544.103254 0.803517 -1305.617315
 431.550000 -2030381.974279 0.803000 -2030381.974279 0.803000 -1224.438171
 431.600000 -2030886.211774 0.804137 -2030886.211774 0.804137 -1507.404108
 431.650000 -2030909.609257 0.804163 -2030909.609257 0.804163 -1501.868769
 431.700000 -2033423.103470 0.824708 -2033423.103470 0.824708 -2677.809944
 431.750000 -2031373.739614 0.814604 -2031373.739614 0.814604 -1447.664730
 431.800000 -2029796.960314 0.788361 -2029796.960314 0.788361 -1416.268701
 431.850000 -2029982.549046 0.801276 -2029982.549046 0.801276 -1027.231814
 431.900000 -2030368.420614 0.800390 -2030368.420614 0.800390 -1279.154122
 431.950000 -2030554.947720 0.804602 -2030554.947720 0.804602 -1234.729432
 432.000000 -2031673.741006 0.798115 -2031673.741006 0.798115 -2356.001499
 432.050000 -2032108.011403 0.822842 -2032108.011403 0.822842 -1685.303427
 432.100000 -2031591.610963 0.825929 -2031591.610963 0.825929 -1267.879064
 432.150000 -2031693.232699 0.829523 -2031693.232699 0.829523 -1229.471600
 432.200000 -2031157.702842 0.804472 -2031157.702842 0.804472 -1642.236106
 432.250000 -2031522.991946 0.799567 -2031522.991946 0.799567 -2131.969033
 432.300000 -2031571.089824 0.817339 -2031571.089824 0.817339 -1479.845071
 432.350000 -2030998.417226 0.819247 -2030998.417226 0.819247 -1059.940572
 432.400000 -2031241.887439 0.831608 -2031241.887439 0.831608 -928.553216
 432.450000 -2028774.548746 0.794843 -2028774.548746 0.794843 -643.998697
 432.500000 -2029973.275280 0.799518 -2029973.275280 0.799518 -1057.594571
 432.550000 -2030309.414214 0.803423 -2030309.414214 0.803423 -1112.129781
 432.600000 -2031793.019002 0.824226 -2031793.019002 0.824226 -1414.597897
 432.650000 -2030040.848396 0.805058 -2030040.848396 0.805058 -910.397856
 432.700000 -2030739.387380 0.813003 -2030739.387380 0.813003 -1047.535426
 432.750000 -2031201.868243 0.823990 -2031201.868243 0.823990 -1038.142916
 432.800000 -2029195.914402 0.790239 -2029195.914402 0.790239 -983.324800
 432.850000 -2031008.029575 0.815321 -2031008.029575 0.815321 -1131.806130
 432.900000 -2030436.711319 0.810457 -2030436.711319 0.810457 -939.590072
 432.950000 -2031030.260110 0.803381 -2031030.260110 0.803381 -1576.327469
 433.000000 -2031055.193668 0.816325 -2031055.193668 0.816325 -1124.876715
 433.050000 -2029403.617750 0.784817 -2029403.617750 0.784817 -1275.862843
 433.100000 -2030918.189637 0.803042 -2030918.189637 0.803042 -1493.968946
 433.150000 -2031264.555695 0.797829 -2031264.555695 0.797829 -2002.308995
 433.200000 -2029414.527114 0.791450 -2029414.527114 0.791450 -1021.279948
 433.250000 -2030303.728321 0.807739 -2030303.728321 0.807739 -932.704456
 433.300000 -2029627.965489 0.786194 -2029627.965489 0.786194 -1336.756390
 433.350000 -2031629.851353 0.818752 -2031629.851353 0.818752 -1424.719293
 433.400000 -2031223.378034 0.815783 -2031223.378034 0.815783 -1235.925897
 433.450000 -2029283.354613 0.787716 -2029283.354613 0.787716 -1068.087522
 433.500000 -2029881.929721 0.806123 -2029881.929721 0.806123 -760.165784
 433.550000 -2031277.201626 0.830220 -2031277.201626 0.830220 -922.461733
 433.600000 -2029727.011087 0.798623 -2029727.011087 0.798623 -895.325428
 433.650000 -2031271.039584 0.817758 -2031271.039584 0.817758 -1188.949612
 433.700000 -2030788.909257 0.823877 -2030788.909257 0.823877 -771.265824
 433.750000 -2029921.265600 0.800591 -2029921.265600 0.800591 -921.383763
 433.800000 -2030144.265301 0.796530 -2030144.265301 0.796530 -1204.044699
 433.850000 -2031220.231013 0.817742 -2031220.231013 0.817742 -1145.377972
 433.900000 -2030953.194493 0.821899 -2030953.194493 0.821899 -880.621855
 433.950000 -2030786.625959 0.824550 -2030786.625959 0.824550 -734.315696
 434.000000 -2029115.425478 0.788147 -2029115.425478 0.788147 -937.480786
 434.050000 -2030930.714636 0.808218 -2030930.714636 0.808218 -1264.285833
 434.100000 -2029584.314172 0.797944 -2029584.314172 0.797944 -825.369235
 434.150000 -2029382.424434 0.792271 -2029382.424434 0.792271 -903.748458
 434.200000 -2029907.694575 0.803842 -2029907.694575 0.803842 -806.971824
 434.250000 -2032196.893214 0.830502 -2032196.893214 0.830502 -1459.942005
 434.300000 -2030726.415969 0.795705 -2030726.415969 0.795705 -1668.393922
 434.350000 -2030716.502186 0.818826 -2030716.502186 0.818826 -813.502407
 434.400000 -2030104.457016 0.811291 -2030104.457016 0.811291 -688.237202
 434.450000 -2029598.289642 0.801959 -2029598.289642 0.801959 -688.074329
 434.500000 -2032187.032222 0.827164 -2032187.032222 0.827164 -1554.885942
 434.550000 -2030326.705480 0.788998 -2030326.705480 0.788998 -1687.919420
 434.600000 -2030961.489938 0.806762 -2030961.489938 0.806762 -1334.743134
 434.650000 -2030452.781426 0.793650 -2030452.781426 0.793650 -1537.011309
 434.700000 -2031611.550718 0.829065 -2031611.550718 0.829065 -1062.581077
 434.750000 -2029240.551624 0.786702 -2029240.551624 0.786702 -1029.517346
 434.800000 -2031852.924686 0.827728 -2031852.924686 0.827728 -1271.208496
 434.850000 -2029902.499822 0.803814 -2029902.499822 0.803814 -766.080400
 434.900000 -2030695.115647 0.807971 -2030695.115647 0.807971 -1088.911603
 434.950000 -2031253.429110 0.827060 -2031253.429110 0.827060 -897.541633
 435.000000 -2030116.263277 0.808719 -2030116.263277 0.808719 -731.933533
 435.050000 -2030871.255617 0.800163 -2030871.255617 0.800163 -1551.237658
 435.100000 -2031507.341865 0.828560 -2031507.341865 0.828560 -1002.210491
 435.150000 -2030044.830227 0.803139 -2030044.830227 0.803139 -856.643353
 435.200000 -2031342.144773 0.808201 -2031342.144773 0.808201 -1556.862582
 435.250000 -2031420.964786 0.822345 -2031420.964786 0.822345 -1093.836613
 435.300000 -2030520.052958 0.808155 -2030520.052958 0.808155 -965.612040
 435.350000 -2029936.087893 0.797967 -2029936.087893 0.797967 -969.282700
 435.400000 -2032534.233194 0.829522 -2032534.233194 0.829522 -1708.933815
 435.450000 -2030506.006410 0.811378 -2030506.006410 0.811378 -847.769547
 435.500000 -2029696.099484 0.799488 -2029696.099484 0.799488 -778.337542
 435.550000 -2032011.862189 0.827088 -2032011.862189 0.827088 -1363.188365
 435.600000 -2031160.568236 0.820063 -2031160.568236 0.820063 -973.055082
 435.650000 -2030457.681767 0.823529 -2030457.681767 0.823529 -556.918167
 435.700000 -2029246.574123 0.792969 -2029246.574123 0.792969 -767.477289
 435.750000 -2030388.837941 0.815467 -2030388.837941 0.815467 -666.081485
 435.800000 -2030821.813458 0.827200 -2030821.813458 0.827200 -645.233601
 435.850000 -2028659.269561 0.786522 -2028659.269561 0.786522 -692.685922
 435.900000 -2030544.103011 0.818957 -2030544.103011 0.818957 -648.647968
 435.950000 -2029017.616153 0.792140 -2029017.616153 0.792140 -674.682626
 436.000000 -2030029.280107 0.805760 -2030029.280107 0.805760 -741.852133
 436.050000 -2030656.966267 0.806589 -2030656.966267 0.806589 -1087.997206
 436.100000 -2030655.164282 0.787826 -2030655.164282 0.787826 -1975.035668
 436.150000 -2031964.289251 0.814235 -2031964.289251 0.814235 -1777.549820
 436.200000 -2029527.917698 0.795430 -2029527.917698 0.795430 -806.041105
 436.250000 -2030734.254290 0.808648 -2030734.254290 0.808648 -1062.478530
 436.300000 -2030240.946102 0.786344 -2030240.946102 0.786344 -1715.864608
 436.350000 -2029157.551271 0.794206 -2029157.551271 0.794206 -661.143591
 436.400000 -2029281.825120 0.800837 -2029281.825120 0.800837 -523.105784
 436.450000 -2029045.440961 0.788967 -2029045.440961 0.788967 -768.879477
 436.500000 -2030891.109040 0.821165 -2030891.109040 0.821165 -770.937987
 436.550000 -2030084.514240 0.815383 -2030084.514240 0.815383 -515.052018
 436.600000 -2029532.777810 0.805974 -2029532.777810 0.805974 -477.086381
 436.650000 -2029241.992532 0.791341 -2029241.992532 0.791341 -774.555080
 436.700000 -2029236.171076 0.793989 -2029236.171076 0.793989 -675.785472
 436.750000 -2029460.953227 0.803035 -2029460.953227 0.803035 -502.788433
 436.800000 -2028144.507721 0.785182 -2028144.507721 0.785182 -501.327933
 436.850000 -2031004.932648 0.836759 -2031004.932648 0.836759 -556.256524
 436.900000 -2030147.369407 0.810372 -2030147.369407 0.810372 -626.369386
 436.950000 -2030300.430209 0.822211 -2030300.430209 0.822211 -465.207561
 437.000000 -2029969.173870 0.809836 -2029969.173870 0.809836 -551.190556
 437.050000 -2029469.503827 0.798671 -2029469.503827 0.798671 -623.327284
 437.100000 -2028749.327686 0.791123 -2028749.327686 0.791123 -540.004019
 437.150000 -2029179.144455 0.800376 -2029179.144455 0.800376 -436.948835
 437.200000 -2028487.636237 0.801190 -2028487.636237 0.801190 -190.578757
 437.250000 -2030946.055122 0.840760 -2030946.055122 0.840760 -460.202292
 437.300000 -2029039.698657 0.800007 -2029039.698657 0.800007 -386.069939
 437.350000 -2029636.934875 0.805237 -2029636.934875 0.805237 -494.774291
 437.400000 -2031005.951861 0.829444 -2031005.951861 0.829444 -655.151540
 437.450000 -2030636.843327 0.837583 -2030636.843327 0.837583 -371.062769
 437.500000 -2028826.553731 0.800913 -2028826.553731 0.800913 -285.272616
 437.550000 -2029091.702066 0.801505 -2029091.702066 0.801505 -363.500227
 437.600000 -2030492.114046 0.834508 -2030492.114046 0.834508 -353.524220
 437.650000 -2030878.602029 0.828225 -2030878.602029 0.828225 -596.687553
 437.700000 -2029863.264745 0.816282 -2029863.264745 0.816282 -330.630388
 437.750000 -2030761.058998 0.835480 -2030761.058998 0.835480 -411.444776
 437.800000 -2029993.590233 0.826202 -2029993.590233 0.826202 -244.484922
 437.850000 -2029322.937027 0.823820 -2029322.937027 0.823820 -78.953598
 437.900000 -2030157.845694 0.832610 -2030157.845694 0.832610 -214.896066
 437.950000 -2029582.218405 0.814273 -2029582.218405 0.814273 -250.336098
 438.000000 -2028802.971035 0.797758 -2028802.971035 0.797758 -345.070240
 438.050000 -2031298.740424 0.829549 -2031298.740424 0.829549 -779.422838
 438.100000 -2028453.574534 0.787440 -2028453.574534 0.787440 -482.139809
 438.150000 -2030382.106748 0.817997 -2030382.106748 0.817997 -542.464634
 438.200000 -2031396.065734 0.824283 -2031396.065734 0.824283 -985.165892
 438.250000 -2029499.436536 0.799308 -2029499.436536 0.799308 -598.193201
 438.300000 -2028667.367870 0.793733 -2028667.367870 0.793733 -371.100972
 438.350000 -2028316.206566 0.797789 -2028316.206566 0.797789 -174.379705
 438.400000 -2028441.008699 0.799482 -2028441.008699 0.799482 -161.928743
 438.450000 -2030096.239367 0.821619 -2030096.239367 0.821619 -314.463137
 438.500000 -2029006.534686 0.811394 -2029006.534686 0.811394 -113.994080
 438.550000 -2027960.920689 0.801795 -2027960.920689 0.801795 -37.198137
 438.600000 -2029424.548888 0.835432 -2029424.548888 0.835432 -70.638094
 438.650000 -2028426.922822 0.811526 -2028426.922822 0.811526 5.082822
 438.700000 -2027337.710991 0.789503 -2027337.710991 0.789503 -101.206222
 438.750000 -2029363.372942 0.829041 -2029363.372942 0.829041 -50.613370
 438.800000 -2028358.167158 0.825462 -2028358.167158 0.825462 -6.137888
 438.850000 -2026682.980446 0.807352 -2026682.980446 0.807352 -137.242574
 438.900000 -2026847.255279 0.805554 -2026847.255279 0.805554 -78.464428
 438.950000 -2027679.187312 0.812680 -2027679.187312 0.812680 11.205990
 439.000000 -2026652.516017 0.790501 -2026652.516017 0.790501 -79.821053
 439.050000 -2028763.587183 0.821603 -2028763.587183 0.821603 13.632651
 439.100000 -2029514.080572 0.825721 -2029514.080572 0.825721 -81.704570
 439.150000 -2027753.821809 0.801670 -2027753.821809 0.801670 -11.925771
 439.200000 -2027915.389595 0.811715 -2027915.389595 0.811715 24.537754
 439.250000 -2029351.194724 0.833195 -2029351.194724 0.833195 -49.518399
 439.300000 -2028836.805659 0.816709 -2028836.805659 0.816709 -10.143257
 439.350000 -2028974.439203 0.810940 -2028974.439203 0.810940 -102.746476
 439.400000 -2029565.896182 0.821310 -2029565.896182 0.821310 -135.338408
 439.450000 -2029162.164763 0.823414 -2029162.164763 0.823414 -26.868847
 439.500000 -2027246.224278 0.789882 -2027246.224278 0.789882 -89.921092
 439.550000 -2028954.373532 0.824294 -2028954.373532 0.824294 -4.071261
 439.600000 -2029203.984542 0.821399 -2029203.984542 0.821399 -40.524679
 439.650000 -2027940.274631 0.787739 -2027940.274631 0.787739 -282.705258
 439.700000 -2028613.588820 0.804763 -2028613.588820 0.804763 -101.078015
 439.750000 -2028278.708670 0.797892 -2028278.708670 0.797892 -140.020921
 439.800000 -2028217.819047 0.797468 -2028217.819047 0.797468 -130.867886
 439.850000 -2028236.543176 0.809866 -2028236.543176 0.809866 14.756056
 439.900000 -2029307.684934 0.832282 -2029307.684934 0.832282 -37.807672
 439.950000 -2027060.479765 0.803109 -2027060.479765 0.803109 -35.794597
 440.000000 -2027410.965586 0.807461 -2027410.965586 0.807461 -1.291919
